4294967278,53
4294967278,52
4294967278,55
4294967278,54
4,1
4,5
4294967278,517
4294967278,552
4294967278,551
4294967278,57
4294967278,56
4294967279,356
4294967279,79
4294967279,77
4294967279,76
4294967279,75
4294967279,73
4294967279,72
4294967279,322
4294967279,71
4294967279,355
4294967279,70
4294967279,354
4294967279,69
4294967279,353
4294967279,68
4294967279,66
4294967279,300
4294967279,64
4294967279,63
4294967279,61
4294967279,60
4294967279,298
4294967279,59
4294967279,350
4294967279,58
4294967279,304
4294967279,57
4294967279,52
4294967279,51
4294967279,317
4294967279,49
4294967279,47
4294967279,46
4294967279,44
4294967279,41
4294967279,40
4294967279,39
4294967279,38
4294967279,34
4294967279,32
4294967279,31
4294967279,29
4294967279,28
4294967279,26
4294967279,25
4294967279,23
4294967279,22
4294967279,21
4294967279,20
4294967279,18
4294967279,17
4294967279,16
4294967279,15
4294967279,12
4294967279,11
4294967279,10
4294967279,9
4294967294,427
4294967278,558
4294967278,528
4294967278,201
4294967278,557
4294967278,200
4294967278,199
4294967278,198
4294967278,197
4294967278,196
4294967278,195
4294967278,526
4294967278,194
4294967278,556
4294967279,357
4294967278,555
4294967294,397
4294967294,396
4294967294,413
4294967294,950
4294967294,385
4294967294,406
4294967294,420
4294967294,177
4294967294,398
4294967294,168
4294967294,167
4294967294,183
4294967294,899
4294967294,467
4294967294,404
4294967294,164
4294967294,118
4294967294,184
4294967279,324
4294967278,554
4294967278,190
4294967278,189
4294967278,188
4294967278,524
4294967279,189
4294967278,187
4294967278,186
4294967279,187
4294967278,185
4294967278,184
4294967279,185
4294967278,183
4294967278,553
4294967294,115
4294967278,520
4294967278,180
4294967278,519
4294967278,179
4294967279,180
4294967278,178
4294967278,177
4294967294,120
4294967278,176
4294967279,177
4294967278,175
4294967279,176
4294967278,173
4294967279,175
4294967278,172
4294967294,905
4294967294,185
4294967294,903
4294967294,91
4294967294,87
4294967294,85
4294967294,84
4294967294,923
4294967294,29
4294967294,53
4294967294,393
4294967294,45
4294967294,44
4294967294,22
4294967294,31
4294967294,41
4294967294,43
4294967294,415
4294967294,51
4294967294,52
4294967294,61
4294967294,965
4294967294,964
4294967294,963
4294967294,962
4294967294,961
4294967294,960
4294967294,919
4294967294,918
4294967294,917
4294967294,916
4294967294,915
4294967294,914
4294967294,912
4294967294,910
4294967294,909
4294967294,908
4294967294,906
4294967294,904
4294967294,902
4294967294,901
4294967294,900
4294967294,50
4294967294,83
4294967294,527
4294967294,418
4294967294,391
4294967294,188
4294967294,162
4294967294,161
4294967294,88
4294967294,11
4294967294,81
4294967294,89
4294967279,166
4294967294,7
4294967294,9
4294967294,8
4294967294,389
4294967294,423
4294967294,469
4294967279,163
4294967294,970
4294967294,1415
2,4
4294967278,132
4294967278,131
4294967278,130
4294967278,129
4294967278,128
4294967278,127
4294967278,126
4294967278,125
4294967278,124
4294967278,123
4294967278,122
4294967278,121
4294967278,120
4294967278,119
4294967278,118
4294967278,117
4294967278,116
4294967278,115
4294967278,114
4294967278,113
4294967278,112
4294967278,111
4294967278,110
4294967278,109
4294967278,108
4294967278,107
4294967278,106
4294967278,105
4294967278,104
4294967278,103
4294967278,102
4294967278,101
4294967278,100
4294967278,99
4294967278,98
4294967278,97
4294967278,96
4294967278,95
4294967278,94
4294967278,93
4294967278,92
4294967278,91
4294967278,90
4294967278,89
4294967278,87
4294967278,86
4294967278,85
4294967278,84
4294967278,83
4294967278,82
4294967278,81
4294967278,80
4294967278,79
4294967278,78
4294967278,77
4294967278,76
4294967278,75
4294967278,74
4294967278,73
4294967278,72
4294967278,71
4294967278,70
4294967278,69
4294967278,68
4294967278,67
4294967278,66
4294967278,65
4294967278,64
4294967278,63
4294967278,62
4294967278,61
4294967278,60
4294967278,59
4294967278,58
4294967279,78
4294967279,74
4294967279,67
4294967279,65
4294967279,62
4294967279,56
4294967279,55
4294967279,54
4294967279,53
4294967279,50
4294967279,45
4294967279,42
4294967279,37
4294967279,36
4294967279,35
4294967279,33
4294967279,30
4294967279,307
4294967279,27
4294967279,24
4294967279,19
4294967279,352
4294967279,14
4294967279,13
4294967279,351
4294967279,8
4294967279,7
4294967279,6
4294967279,5
